0 0.26953125 0.7375 0.3 0.4
0 0.09140625 0.36015625 0.1203125 0.2921875
0 0.44375 0.36796875 0.06875 0.209375
0 0.259375 0.17109375 0.0875 0.134375
0 0.684375 0.15703125 0.1015625 0.1421875
0 0.203125 0.1296875 0.1 0.15
0 0.4015625 0.1734375 0.1078125 0.1421875
0 0.728125 0.43203125 0.1203125 0.246875
0 0.609375 0.43046875 0.134375 0.3046875
0 0.8421875 0.19140625 0.10625 0.1296875
0 0.31640625 0.1984375 0.0484375 0.09375
0 0.5765625 0.16328125 0.1546875 0.1375
0 0.20234375 0.3890625 0.078125 0.1609375
0 0.9484375 0.1171875 0.0953125 0.0953125