1 0.05078125 0.6203125 0.10078125 0.4109375
1 0.38828125 0.21875 0.084375 0.16796875
1 0.52421875 0.29296875 0.12265625 0.12734375
1 0.95078125 0.31015625 0.071875 0.2765625
1 0.8765625 0.24375 0.09375 0.21875
1 0.76328125 0.4046875 0.19453125 0.396875
1 0.4546875 0.1296875 0.08671875 0.146875
1 0.0453125 0.1703125 0.06484375 0.17578125
1 0.36328125 0.5875 0.27421875 0.57421875
1 0.125 0.28515625 0.0765625 0.23828125
1 0.725 0.09140625 0.10546875 0.1203125
1 0.58984375 0.1921875 0.1109375 0.2328125